329
345
361
375
385
395
391
412
406
399
401
410
390
407
416
420
452
465
460
456
460
445
442
436
414
448
456
460
478
487
479
487
487
488
480
474
456
479
507
504
525
532
529
538
541
535
520
499
484
510
548
567
579
600
591
610
620
617
594
585
573
613
634
652
695
703
693
713
710
690
662
654
604
647
679
680
709
717
710
722
726
703
657
606
620
681
717
722
777
774
755
731
765
765
726
703
680
733
756
743
770
814
803
824
826
810
769
760
713
747
784
811
857
847
886
874
845
822
817
819
778
826
846
852
892
912
892
886
884
878
831
817
801
921
902
923
923
949
944
954
954
935
918
886
823
885
924
940
967
977
937
986
983
969
941
916
893
962
992
1002
1026
1052
1065
1090
1084
1040
1009
994
946
1024
1049
1069
1137
1151
1115
1152
1136
1071
1075
1045
1010
1064
