25.0
24.1
24.3
21.3
20.9
21.0
19.7
21.9
21.5
23.5
23.5
24.2
25.4
25.8
23.3
23.4
21.5
21.6
20.1
22.8
22.0
22.1
22.7
23.8
24.2
25.1
23.3
22.7
21.6
19.5
19.4
21.1
24.0
23.4
24.0
22.2
23.6
24.6
24.7
22.0
20.4
19.8
18.6
21.4
22.0
23.5
22.3
23.9
25.3
24.0
21.9
23.4
21.5
21.3
19.6
21.5
21.8
22.3
23.2
22.7
23.5
25.1
25.4
23.2
20.6
20.4
20.7
23.0
22.0
24.2
23.7
24.0
24.4
23.7
24.5
23.0
20.2
19.5
20.2
21.1
21.5
23.5
22.9
23.1
22.2
23.3
23.4
22.4
21.8
18.8
19.0
21.5
21.4
24.1
23.5
24.0
23.4
24.3
24.9
22.5
22.2
19.8
20.6
21.6
22.1
24.6
22.9
23.6
23.2
24.6
24.2
22.0
21.0
19.1
18.5
20.7
23.5
21.9
22.8
23.6
22.7
24.5
22.0
21.6
19.8
21.0
20.1
21.9
22.2
23.2
26.8
22.9
22.9
24.3
23.5
23.1
22.4
21.8
20.9
21.1
22.0
22.2
22.9
22.9
26.1
26.8
24.8
23.4
24.0
21.9
21.1
20.8
21.9
24.2
24.5
23.7
22.6
25.0
24.3
23.4
21.8
18.6
19.0
21.9
22.4
24.3
23.5
23.1
24.4
24.8
25.5
24.1
22.8
20.1
19.7
21.9
21.7
24.5
24.1
23.4
25.5
25.5
24.5
23.9
22.7
20.4
21.5
22.5
22.6
25.9
24.3
22.7
25.3
24.4
24.5
23.8
23.0
20.1
18.7
20.7
24.1
22.9
22.4
23.6
24.7
24.6
24.3
24.4
21.1
20.0
19.3
20.6
23.6
22.4
22.8
22.6
