19 0.36 0 3.696
24 0.78 0 3.186
7 0.13 0 1.616
43 0.03 1 2.64
19 0.82 0 4.011
92 0.93 1 2.242
184 0.75 1 3.956
76 0.56 1 2.684
13 0.32 0 2.461
73 0.56 1 2.614
20 0.22 0 4.518
20 0.1 0 4.655
15 0.39 0 3.903
9 0.77 0 1.85
1 0 0 1.601
65 0.7 1 2.189
55 0.46 1 1.963
8 0.58 0 1.13
30 0.43 0 4.457
2 0.61 0 1.438
8 0.98 0 1.845
12 0.72 0 2.108
33 0.47 1 1.194
61 0.98 1 1.221
63 0.14 1 3.036
37 0.17 1 2.174
27 0.09 1 1.29
149 0.34 1 4.489
4 0.21 0 2.277
9 0.69 0 3.223
90 0.47 1 3.071
126 0.7 1 3.398
17 0.57 0 3.385
12 0.36 0 1.971
20 0.98 0 2.753
52 0.3 1 2.867
19 0.28 0 4.303
4 0.13 0 2.615
21 0.22 0 4.512
4 0.27 0 2.422
36 0.75 1 1.428
21 0.46 0 4.238
188 0.38 1 4.673
31 0.2 1 1.452
28 0.58 1 1.315
64 0.34 1 2.43
46 0.62 1 1.039
7 0.59 0 1.79
24 0.73 0 4.646
13 0.76 0 2.782
