1.2125 0.45 3
3.1251 0.61 2
0.4186 0.35 3
2.9266 0.31 3
1.0492 0.63 3
2.6257 0.67 2
0.0359 0.6 1
0.3015 0.52 1
8.0101 0.43 3
8.2618 0.52 2
0.5692 0.39 1
18.1058 0.34 3
6.8451 0.46 3
2.3234 0.61 3
1.414 0.3 2
5.484 0.58 3
19.3154 0.49 3
2.1136 0.53 2
2.4764 0.47 2
0.7538 0.54 2
0.1707 0.69 2
8.5617 0.59 3
11.4135 0.49 3
9.0476 0.69 3
4.1565 0.36 2
20.8737 0.37 3
5.1563 0.34 2
1.9544 0.44 2
2.1378 0.38 2
14.2819 0.58 3
2.9919 0.49 1
1.6607 0.58 1
1.2068 0.53 1
5.9401 0.44 3
2.3665 0.69 3
2.2186 0.42 2
12.4772 0.41 2
3.1414 0.35 2
13.3882 0.39 3
6.8289 0.41 1
0.7218 0.6 1
12.3656 0.48 3
0.3254 0.45 1
0.7869 0.38 1
0.521 0.53 1
0.5411 0.44 2
0.7349 0.55 2
4.7664 0.54 2
0.35 0.59 1
2.2039 0.6 1
15.7842 0.43 2
4.3994 0.32 2
0.4867 0.49 2
4.6931 0.64 2
4.9419 0.34 2
0.7478 0.61 1
2.3899 0.7 1
4.4685 0.54 3
0.0348 0.33 1
13.0855 0.53 3
0.8323 0.31 1
2.7886 0.32 2
2.4664 0.34 3
4.5205 0.34 3
4.7661 0.48 2
5.5033 0.58 2
0.1477 0.68 1
0.2722 0.32 1
18.7526 0.42 3
3.6112 0.4 2
3.1387 0.49 2
6.2158 0.41 3
0.877 0.65 1
26.0103 0.59 3
0.1989 0.7 1
2.7997 0.65 1
14.1374 0.68 3
0.382 0.52 1
6.5956 0.38 2
10.361 0.36 3
0.6574 0.6 3
8.8043 0.69 3
0.4751 0.3 2
10.2555 0.46 3
0.1118 0.38 1
0.7618 0.67 2
1.1671 0.39 1
2.626 0.37 2
0.4829 0.39 2
3.6647 0.45 1
3.3422 0.54 3
1.2634 0.42 3
5.129 0.53 2
2.5081 0.51 2
2.2556 0.56 2
5.2851 0.55 3
21.6152 0.59 3
0.9612 0.41 2
60.2754 0.32 3
0.4968 0.34 1
0.2638 0.57 1
14.7259 0.52 3
0.9405 0.36 1
14.8005 0.46 3
0.9408 0.6 2
7.3692 0.42 1
2.9591 0.6 1
1.6553 0.47 1
0.2398 0.45 1
0.0844 0.46 1
1.1448 0.65 3
3.6008 0.67 2
7.8546 0.59 2
0.2292 0.39 1
3.6457 0.36 3
3.8524 0.42 3
2.3607 0.4 2
1.4642 0.31 1
0.674 0.65 1
2.228 0.34 3
10.5247 0.38 3
10.143 0.41 3
5.4002 0.32 1
0.0473 0.32 2
5.9401 0.5 2
0.4197 0.42 1
0.2959 0.33 1
1.0236 0.65 1
0.5571 0.43 2
1.1918 0.52 3
0.7464 0.51 1
28.1488 0.54 3
7.1683 0.54 3
1.4795 0.4 3
1.0489 0.48 1
1.7873 0.49 2
31.1926 0.63 3
6.0171 0.46 1
9.2997 0.65 2
4.4741 0.44 2
2.1165 0.34 2
21.2702 0.62 3
0.6027 0.67 2
1.7369 0.35 2
9.7461 0.33 3
14.6066 0.44 2
3.2824 0.3 2
1.6258 0.38 1
3.4172 0.66 1
23.689 0.48 3
5.8449 0.66 2
38.4651 0.59 3
0.6187 0.68 1
7.3843 0.44 2
2.6551 0.65 2
0.0066 0.43 2
4.2758 0.61 1
1.1059 0.32 2
4.4373 0.32 3
4.1274 0.59 1
7.5601 0.61 3
0.894 0.47 1
2.7991 0.56 2
0.6862 0.42 2
1.006 0.48 2
5.8001 0.36 2
1.861 0.36 1
27.611 0.42 3
0.9906 0.37 1
0.4239 0.47 1
2.2947 0.68 3
0.1243 0.41 1
10.1196 0.54 3
0.188 0.64 3
4.0088 0.52 2
11.4542 0.56 2
41.6827 0.57 3
2.7645 0.63 1
3.8456 0.45 3
0.516 0.53 1
1.4233 0.49 2
2.92 0.31 1
1.9486 0.37 3
6.0368 0.33 2
0.4061 0.42 1
6.8743 0.58 2
4.2471 0.33 2
2.869 0.64 3
22.9137 0.67 3
26.0719 0.33 3
0.398 0.32 1
0.1675 0.4 1
13.981 0.67 3
0.0358 0.43 1
0.1773 0.61 1
2.3969 0.44 1
0.8593 0.44 1
1.2143 0.65 1
0.2017 0.54 2
13.3827 0.69 3
4.3137 0.48 3
1.178 0.37 1
6.4801 0.38 2
0.4829 0.38 1
2.5846 0.62 2
5.0837 0.57 3
7.1504 0.47 2
2.9263 0.37 2
0.1394 0.53 1
27.5563 0.6 3
15.501 0.36 3
1.7557 0.31 1
0.2565 0.44 1
2.3957 0.61 2
13.0857 0.5 3
